{
  "cameras": [
    {
      "id": 1,
      "image": "dataset2/1.jpeg",
      "position": [
        -9.035073248195414e-08,
        -2.008036058937352e-06,
        -4.6771570328248743e-07
      ],
      "R": [
        [
          0.9999999999998871,
          -4.7396471292283926e-07,
          -3.593576641459509e-08
        ],
        [
          4.739647150578942e-07,
          0.999999999999886,
          5.9437632417819166e-08
        ],
        [
          3.593573825487492e-08,
          -5.943764944306973e-08,
          0.9999999999999976
        ]
      ],
      "t": [
        9.034976393598746e-08,
        2.008036129560096e-06,
        4.6771558717636326e-07
      ]
    },
    {
      "id": 2,
      "image": "dataset2/2.jpeg",
      "position": [
        0.9988502221379079,
        0.04215832897863039,
        -0.025887001281526184
      ],
      "R": [
        [
          0.9820454627810931,
          -0.009005516588815338,
          -0.18842932282964195
        ],
        [
          0.00908716602881042,
          0.9999586181513102,
          -0.00043057924605546707
        ],
        [
          0.18842540286445905,
          -0.0012894401462927967,
          0.9820866585487634
        ]
      ],
      "t": [
        -0.9854145412390134,
        -0.051244448601015354,
        -0.1627311162772824
      ]
    },
    {
      "id": 3,
      "image": "dataset2/3.jpeg",
      "position": [
        1.55216949239032,
        -0.37170363924509203,
        -0.9474987217819614
      ],
      "R": [
        [
          0.9360257718175576,
          -0.04506942243773782,
          -0.34903366836807337
        ],
        [
          -0.004303924011705713,
          0.9902259128949857,
          -0.13940630426703682
        ],
        [
          0.3519051445083561,
          0.13199010793396948,
          0.9266829990218511
        ]
      ],
      "t": [
        -1.8003320700827161,
        0.24266369994503093,
        0.38087573101261024
      ]
    },
    {
      "id": 4,
      "image": "dataset2/4.jpeg",
      "position": [
        0.9800573896851206,
        0.18580590542679193,
        -2.294682756388856
      ],
      "R": [
        [
          0.7672837001637886,
          -0.039789247398292586,
          -0.6400722922095932
        ],
        [
          -0.029856558189809777,
          0.9947749042751898,
          -0.09762927715263235
        ],
        [
          0.640612448673942,
          0.09401970865602842,
          0.7620865994020702
        ]
      ],
      "t": [
        -2.213351834967016,
        -0.379602130101069,
        1.1034405971809793
      ]
    },
    {
      "id": 5,
      "image": "dataset2/5.jpeg",
      "position": [
        1.8590924049075657,
        0.9570319725786584,
        -1.3924037771611515
      ],
      "R": [
        [
          0.7002117185100221,
          -0.025864312025825908,
          -0.7134665981142161
        ],
        [
          -0.02002962652843385,
          0.9982385087746991,
          -0.0558452653355387
        ],
        [
          0.713654232329896,
          0.05339397871198567,
          0.6984602492017216
        ]
      ],
      "t": [
        -2.270438900244342,
        -0.9958684009942528,
        -0.40531021863980726
      ]
    },
    {
      "id": 6,
      "image": "dataset2/6.jpeg",
      "position": [
        2.171275047907036,
        0.8275805423340237,
        -1.304890381780793
      ],
      "R": [
        [
          0.6344525239876808,
          -0.020860143962812067,
          -0.7726803020651634
        ],
        [
          -0.01684072478734926,
          0.9990254477099011,
          -0.040798833520927995
        ],
        [
          0.7727783542480329,
          0.03889741921879127,
          0.6334829168839674
        ]
      ],
      "t": [
        -2.3685705795184915,
        -0.8434461817511446,
        -0.8834793401695684
      ]
    },
    {
      "id": 7,
      "image": "dataset2/7.jpeg",
      "position": [
        2.260785137529802,
        0.933170794705407,
        -1.3911303046337766
      ],
      "R": [
        [
          0.5762290815134958,
          -0.042743908665359404,
          -0.8161697151267746
        ],
        [
          -0.008844703432098758,
          0.998246817367272,
          -0.05852403640650959
        ],
        [
          0.8172403666237438,
          0.040942030825542264,
          0.5748407894996397
        ]
      ],
      "t": [
        -2.3982412005172637,
        -0.9929533624041987,
        -1.0861323394821365
      ]
    },
    {
      "id": 8,
      "image": "dataset2/8.jpeg",
      "position": [
        2.5882650066176316,
        0.6591000571608716,
        -1.2371223774334985
      ],
      "R": [
        [
          0.4881720413990214,
          -0.014436798597564592,
          -0.8726280059925681
        ],
        [
          -0.06339126105499288,
          0.9966356511521035,
          -0.05195119704569259
        ],
        [
          0.8704421899346159,
          0.08067811164669134,
          0.48561449348526875
        ]
      ],
      "t": [
        -2.3335509505698853,
        -0.5570792203285961,
        -1.7053454517926898
      ]
    },
    {
      "id": 9,
      "image": "dataset2/9.jpeg",
      "position": [
        2.843738542818704,
        0.5128200262387625,
        -1.250968409689913
      ],
      "R": [
        [
          0.3303171245481307,
          -0.02123610519175969,
          -0.9436310852587144
        ],
        [
          -0.09280715651987345,
          0.9941715903936221,
          -0.05486055552864463
        ],
        [
          0.9392962413046004,
          0.1056970987799585,
          0.32642103850785914
        ]
      ],
      "t": [
        -2.1088979164689787,
        -0.314540634930891,
        -2.3169741060608238
      ]
    },
    {
      "id": 10,
      "image": "dataset2/10.jpeg",
      "position": [
        3.0355843837108663,
        0.4617434058662293,
        -1.1517964374179561
      ],
      "R": [
        [
          0.16336671721413187,
          -0.006063297096277717,
          -0.9865467815238161
        ],
        [
          -0.10977417106836229,
          0.9936598359308134,
          -0.024285012336892994
        ],
        [
          0.9804391603118124,
          0.11226471790492053,
          0.16166535201086477
        ]
      ],
      "t": [
        -1.6294148364465957,
        -0.1535585081775311,
        -2.841837720925128
      ]
    },
    {
      "id": 11,
      "image": "dataset2/11.jpeg",
      "position": [
        3.2489809075059584,
        0.4412213803490202,
        -1.1145167238214517
      ],
      "R": [
        [
          0.035486484385435065,
          -0.0006265417131148948,
          -0.9993699599604963
        ],
        [
          -0.12638295065681215,
          0.9919683672443695,
          -0.005109615427543054
        ],
        [
          0.9913465888422878,
          0.12648464662567283,
          0.0351222857846498
        ]
      ],
      "t": [
        -1.228833000304028,
        -0.03275661038616702,
        -3.2375294953610614
      ]
    },
    {
      "id": 12,
      "image": "dataset2/12.jpeg",
      "position": [
        3.3711023158051727,
        0.4427305131046612,
        -1.1029899541626027
      ],
      "R": [
        [
          -0.04766959728538625,
          0.0020017417264163173,
          -0.9988611527758551
        ],
        [
          -0.13100046915731842,
          0.9913480738162513,
          0.008238544857628559
        ],
        [
          0.9902355712532305,
          0.13124400775223763,
          -0.046994934343171736
        ]
      ],
      "t": [
        -0.9419209594544182,
        0.011802975776696024,
        -3.448126094815533
      ]
    },
    {
      "id": 13,
      "image": "dataset2/13.jpeg",
      "position": [
        3.572440616486188,
        0.44425303336652755,
        -1.111308847790328
      ],
      "R": [
        [
          -0.19794684101753973,
          -2.7545775517723303e-05,
          -0.980212756177151
        ],
        [
          -0.10705771369995662,
          0.9940183343550352,
          0.021591593349702294
        ],
        [
          0.9743488564515868,
          0.10921332431196773,
          -0.19676573818684487
        ]
      ],
      "t": [
        -0.38215353660608814,
        -0.03514340680187787,
        -3.7479892858131896
      ]
    },
    {
      "id": 14,
      "image": "dataset2/14.jpeg",
      "position": [
        3.6596628858183555,
        0.4432428488434006,
        -1.1342175335975462
      ],
      "R": [
        [
          -0.3029364026037545,
          -0.012880640379049652,
          -0.9529237246920246
        ],
        [
          -0.1195471388215297,
          0.9925240017014938,
          0.02458836403747454
        ],
        [
          0.9454829546729449,
          0.12136801534951068,
          -0.3022114942768376
        ]
      ],
      "t": [
        0.033531564382049,
        0.025461614605087654,
        -3.856717958935945
      ]
    },
    {
      "id": 15,
      "image": "dataset2/15.jpeg",
      "position": [
        3.7545539619761223,
        0.40696104002599287,
        -1.138556531490548
      ],
      "R": [
        [
          -0.3660433806455153,
          -0.004294608900632303,
          -0.9305878786122205
        ],
        [
          -0.10107090179740741,
          0.9942574739032009,
          0.03516743376313223
        ],
        [
          0.9250929230598736,
          0.10692816243635758,
          -0.36437542697405195
        ]
      ],
      "t": [
        0.31655045624258266,
        0.014892210557467847,
        -3.9316889179596535
      ]
    },
    {
      "id": 16,
      "image": "dataset2/16.jpeg",
      "position": [
        3.7731173008646617,
        0.39112112011047073,
        -1.1858266471241172
      ],
      "R": [
        [
          -0.41638889716441946,
          0.006249156230226802,
          -0.9091651304161467
        ],
        [
          -0.09436668235406984,
          0.9942784341792255,
          0.05005321755485498
        ],
        [
          0.9042760726568434,
          0.1066365011265738,
          -0.41341678854129477
        ]
      ],
      "t": [
        0.490527736510976,
        0.026527706088324957,
        -3.943888126485516
      ]
    },
    {
      "id": 17,
      "image": "dataset2/17.jpeg",
      "position": [
        3.8399531759286827,
        0.38570598093891706,
        -1.2336298195000954
      ],
      "R": [
        [
          -0.4798103644957965,
          0.010440916769982343,
          -0.8773100941966948
        ],
        [
          -0.08772265677555252,
          0.9943477604218094,
          0.05981025691610885
        ],
        [
          0.8729758012743823,
          0.1056575534504497,
          -0.4761824564053319
        ]
      ],
      "t": [
        0.7561463157949841,
        0.027108732601949053,
        -3.980371828654083
      ]
    },
    {
      "id": 18,
      "image": "dataset2/18.jpeg",
      "position": [
        4.175666016119356,
        0.3577041064648613,
        -1.2110170385901657
      ],
      "R": [
        [
          -0.5875526912134634,
          0.007596492138028557,
          -0.809150250790923
        ],
        [
          -0.09458137551433762,
          0.9924570212631492,
          0.07799630985689981
        ],
        [
          0.8036393460089124,
          0.12235748547871741,
          -0.5824023070813621
        ]
      ],
      "t": [
        1.470811768459715,
        0.13438914368119426,
        -4.104796398548003
      ]
    },
    {
      "id": 19,
      "image": "dataset2/19.jpeg",
      "position": [
        4.222188535636781,
        0.3252276184005054,
        -1.3101183250201076
      ],
      "R": [
        [
          -0.6060907711985114,
          0.014136088559973958,
          -0.7952698586443588
        ],
        [
          -0.07561870646329875,
          0.9942892379126944,
          0.0753042004393615
        ],
        [
          0.7917927685327842,
          0.10577845891871675,
          -0.601560578269529
        ]
      ],
      "t": [
        1.5125344441476258,
        0.0945635276080187,
        -4.1656159633720415
      ]
    },
    {
      "id": 20,
      "image": "dataset2/20.jpeg",
      "position": [
        4.391611465803012,
        0.3413048423979372,
        -1.2493285438997777
      ],
      "R": [
        [
          -0.6157875947847755,
          0.026550426858693847,
          -0.7874647375868981
        ],
        [
          -0.05668454899358088,
          0.9953494912270288,
          0.07788614908627592
        ],
        [
          0.7858705364209652,
          0.09259840791134813,
          -0.6114188702008698
        ]
      ],
      "t": [
        1.7114358985196148,
        0.006524303287892537,
        -4.2467053902224565
      ]
    },
    {
      "id": 21,
      "image": "dataset2/21.jpeg",
      "position": [
        4.439882708640847,
        0.3528927663826503,
        -1.2438758486026333
      ],
      "R": [
        [
          -0.7026735764824706,
          0.01248706464218046,
          -0.7114027819245264
        ],
        [
          -0.03969194635708201,
          0.9976010711855405,
          0.05671553723494438
        ],
        [
          0.7104043878719498,
          0.06808947044943033,
          -0.7004922766927528
        ]
      ],
      "t": [
        2.2304849281931216,
        -0.10527152844678153,
        -4.049465864554475
      ]
    },
    {
      "id": 22,
      "image": "dataset2/22.jpeg",
      "position": [
        4.482195090993658,
        0.352313938702808,
        -1.2506011253368734
      ],
      "R": [
        [
          -0.7623809846228661,
          0.0485826482305369,
          -0.6453022242146521
        ],
        [
          -0.008000525678152019,
          0.9963941351787121,
          0.0844672656733884
        ],
        [
          0.6470789950804635,
          0.069558994187477,
          -0.759243255125315
        ]
      ],
      "t": [
        2.593008274807577,
        -0.20954876783994064,
        -3.8743513677133077
      ]
    },
    {
      "id": 23,
      "image": "dataset2/23.jpeg",
      "position": [
        4.543140570343226,
        0.4079700675078739,
        -1.3211896543014283
      ],
      "R": [
        [
          -0.862199006766824,
          0.024230045432001624,
          -0.505989898741729
        ],
        [
          0.005949446935854787,
          0.9992708731402359,
          0.03771373986637288
        ],
        [
          0.5065347735461599,
          0.02950638900160662,
          -0.8617145096820793
        ]
      ],
      "t": [
        3.2386975346827804,
        -0.3848747763825929,
        -3.451784698653468
      ]
    },
    {
      "id": 24,
      "image": "dataset2/24.jpeg",
      "position": [
        4.596595451467335,
        0.3850551879957619,
        -1.4019444954526887
      ],
      "R": [
        [
          -0.9315139440038471,
          0.049912967247195635,
          -0.36026444152452514
        ],
        [
          0.03031747047518462,
          0.9977472831770978,
          0.05984321094917113
        ],
        [
          0.3624398199844823,
          0.04482247888393794,
          -0.9309287417822671
        ]
      ],
      "t": [
        3.757502760297041,
        -0.4396480544018421,
        -2.9883587812047487
      ]
    },
    {
      "id": 25,
      "image": "dataset2/25.jpeg",
      "position": [
        4.609362837926965,
        0.40494154274715344,
        -1.4595190041492447
      ],
      "R": [
        [
          -0.9655059119765227,
          0.02420735473130988,
          -0.2592534241148914
        ],
        [
          0.014972106631286987,
          0.99918302409463,
          0.03753825227858266
        ],
        [
          0.25995032210290603,
          0.03236183458986331,
          -0.9650795520062446
        ]
      ],
      "t": [
        4.062179207506195,
        -0.41883479459224005,
        -2.6198619523021804
      ]
    },
    {
      "id": 26,
      "image": "dataset2/26.jpeg",
      "position": [
        4.617905298419308,
        0.4078431809713275,
        -1.5203284521195173
      ],
      "R": [
        [
          -0.989214990508391,
          0.03680875189443319,
          -0.14177030132385968
        ],
        [
          0.033833896073299737,
          0.9991549432617917,
          0.023338098295004637
        ],
        [
          0.14250954364527682,
          0.01828975504210505,
          -0.9896244312013092
        ]
      ],
      "t": [
        4.337551524716074,
        -0.5282586834299168,
        -2.170109108218344
      ]
    },
    {
      "id": 27,
      "image": "dataset2/27.jpeg",
      "position": [
        4.619161718272504,
        0.4084623502456274,
        -1.5681848523404711
      ],
      "R": [
        [
          -0.9989500741692643,
          0.040511914217832484,
          -0.02139004730308728
        ],
        [
          0.04028597599944152,
          0.9991288417093531,
          0.01089026181043969
        ],
        [
          0.021812598538316123,
          0.010017108910982342,
          -0.9997118925340799
        ]
      ],
      "t": [
        4.564220801202231,
        -0.5771160093935049,
        -1.672580578569252
      ]
    },
    {
      "id": 28,
      "image": "dataset2/28.jpeg",
      "position": [
        4.607388300584039,
        0.4061425818185136,
        -1.6346781305613185
      ],
      "R": [
        [
          -0.9730799082410546,
          0.06984068245359475,
          0.21963098882442997
        ],
        [
          0.06569862905407563,
          0.9974976891225074,
          -0.026116093422872244
        ],
        [
          -0.22090536959973542,
          -0.010983590927987279,
          -0.975233396891396
        ]
      ],
      "t": [
        4.814017683900408,
        -0.7505167884604407,
        -0.5719349866842461
      ]
    },
    {
      "id": 29,
      "image": "dataset2/29.jpeg",
      "position": [
        4.60099180017605,
        0.4195752075021193,
        -1.6687721659201256
      ],
      "R": [
        [
          -0.9432775640766329,
          0.0715929094602698,
          0.32419422022094607
        ],
        [
          0.05840436238798707,
          0.997027851848074,
          -0.0502433387949854
        ],
        [
          -0.3268277337737823,
          -0.0284590575077358,
          -0.9446553416363372
        ]
      ],
      "t": [
        4.850980018821049,
        -0.7708908455701534,
        -0.060742102388069756
      ]
    },
    {
      "id": 30,
      "image": "dataset2/30.jpeg",
      "position": [
        4.582157796805286,
        0.43689532658355,
        -1.7188922784748943
      ],
      "R": [
        [
          -0.8702238570222234,
          0.09671169232873963,
          0.4830706855484777
        ],
        [
          0.06729108452549634,
          0.9946862966183647,
          -0.07791714357588692
        ],
        [
          -0.48803929002975527,
          -0.03529900687773059,
          -0.8721075802334816
        ]
      ],
      "t": [
        4.7755966163627885,
        -0.8768433384766604,
        0.7526360234323245
      ]
    },
    {
      "id": 31,
      "image": "dataset2/31.jpeg",
      "position": [
        4.568310404679684,
        0.4417306608461494,
        -1.7408996605768792
      ],
      "R": [
        [
          -0.8252505213717553,
          0.11687511513180837,
          0.5525412061001176
        ],
        [
          0.06945157707409924,
          0.9919285592715664,
          -0.10608586966866136
        ],
        [
          -0.5604802007364458,
          -0.049172561092160824,
          -0.8267067217690147
        ]
      ],
      "t": [
        4.680292019560714,
        -0.9401264746663931,
        1.1429551092236983
      ]
    },
    {
      "id": 32,
      "image": "dataset2/32.jpeg",
      "position": [
        4.568256692648712,
        0.44787255945272314,
        -1.7516220321163876
      ],
      "R": [
        [
          -0.7871942616499265,
          0.13474671911009897,
          0.601804383595277
        ],
        [
          0.0701208289941368,
          0.9890662565645214,
          -0.12973438043409619
        ],
        [
          -0.6127056909859759,
          -0.05992713754642269,
          -0.7880358332074056
        ]
      ],
      "t": [
        4.589889913560949,
        -0.9905511812337496,
        1.4454956664009433
      ]
    },
    {
      "id": 33,
      "image": "dataset2/33.jpeg",
      "position": [
        4.566527749031039,
        0.4502777476122713,
        -1.7537564878059966
      ],
      "R": [
        [
          -0.7571671465730221,
          0.15340409418542,
          0.6349528297736916
        ],
        [
          0.061226417240239125,
          0.9844208095841003,
          -0.16482413503400975
        ],
        [
          -0.6503454758683204,
          -0.08592353312647308,
          -0.7547634784968547
        ]
      ],
      "t": [
        4.502102980142433,
        -1.0119163143063872,
        1.6848387697996758
      ]
    },
    {
      "id": 34,
      "image": "dataset2/34.jpeg",
      "position": [
        4.565558777130958,
        0.4529526715952128,
        -1.7572205769639093
      ],
      "R": [
        [
          -0.7220809277354837,
          0.15072774109096845,
          0.6751890711987844
        ],
        [
          0.03935017271381817,
          0.9833451813361644,
          -0.177436800721663
        ],
        [
          -0.6906885678133495,
          -0.10155492311335995,
          -0.7159859634681282
        ]
      ],
      "t": [
        4.414886513662591,
        -0.9368599507404367,
        1.9412335589585663
      ]
    },
    {
      "id": 35,
      "image": "dataset2/35.jpeg",
      "position": [
        4.60569089677087,
        0.4513456408918023,
        -1.705753278044996
      ],
      "R": [
        [
          -0.5660240425992725,
          0.18910053880389477,
          0.8024074834045688
        ],
        [
          0.03317210557098642,
          0.9777724084179298,
          -0.20702832837220136
        ],
        [
          -0.8237210660239084,
          -0.09056546560735719,
          -0.5597155543914769
        ]
      ],
      "t": [
        3.8902912716186675,
        -0.9472330287477848,
        2.879944301705895
      ]
    },
    {
      "id": 36,
      "image": "dataset2/36.jpeg",
      "position": [
        4.5630192651287125,
        0.4639134239518598,
        -1.7697435072978276
      ],
      "R": [
        [
          -0.47301817475468605,
          0.23191594983219943,
          0.8499816460166502
        ],
        [
          0.007683994536942587,
          0.9657834183747194,
          -0.2592360797041912
        ],
        [
          -0.8810191613011044,
          -0.11609212292774344,
          -0.4586151506594916
        ]
      ],
      "t": [
        3.5550516211662364,
        -0.941883476433195,
        3.2623329149776796
      ]
    },
    {
      "id": 37,
      "image": "dataset2/37.jpeg",
      "position": [
        4.561744799020832,
        0.4632166533185755,
        -1.7669769012968786
      ],
      "R": [
        [
          -0.3821399051344695,
          0.21881958136645344,
          0.8978235259305855
        ],
        [
          -0.03556616419964334,
          0.9673581896246835,
          -0.25090472480640763
        ],
        [
          -0.9234198074916645,
          -0.12781284668086068,
          -0.3618835936532522
        ]
      ],
      "t": [
        3.2282972823446037,
        -0.7291955117585902,
        3.632170592284944
      ]
    },
    {
      "id": 38,
      "image": "dataset2/38.jpeg",
      "position": [
        4.556282506381352,
        0.46469480587053846,
        -1.7695565921147993
      ],
      "R": [
        [
          -0.3457045996390823,
          0.24763522712013133,
          0.9050774133064767
        ],
        [
          -0.05661331138785322,
          0.9572866183224686,
          -0.2835441118317112
        ],
        [
          -0.9366340068362262,
          -0.14926193309043323,
          -0.3169189369034663
        ]
      ],
      "t": [
        3.06163871900851,
        -0.6886472312061683,
        3.7761243912875466
      ]
    },
    {
      "id": 39,
      "image": "dataset2/39.jpeg",
      "position": [
        4.559072312370519,
        0.46309602487897505,
        -1.7697292157418838
      ],
      "R": [
        [
          -0.22552665262868402,
          0.25583120187939973,
          0.9400468738839797
        ],
        [
          -0.0992182305840044,
          0.9538574622130113,
          -0.2833931624092817
        ],
        [
          -0.9691715388278178,
          -0.15718249878881554,
          -0.1897371613591386
        ]
      ],
      "t": [
        2.5733463219499817,
        -0.4909136701712545,
        4.155530321207879
      ]
    },
    {
      "id": 40,
      "image": "dataset2/40.jpeg",
      "position": [
        4.560713480384178,
        0.46231354282909287,
        -1.7702984182180541
      ],
      "R": [
        [
          -0.116029007280869,
          0.27119324924338156,
          0.9555058822604041
        ],
        [
          -0.1295137208033046,
          0.9496590992123528,
          -0.2852609181203521
        ],
        [
          -0.9847656907067284,
          -0.15684966320652294,
          -0.07506475577060526
        ]
      ],
      "t": [
        2.0953292977360514,
        -0.35336224240229275,
        4.430860865709942
      ]
    },
    {
      "id": 41,
      "image": "dataset2/41.jpeg",
      "position": [
        4.561611914964613,
        0.4618418902411689,
        -1.7705600149053096
      ],
      "R": [
        [
          -0.029220141432175394,
          0.25809288163879074,
          0.9656781284579602
        ],
        [
          -0.1430912935894,
          0.9550605002797947,
          -0.2595849042302354
        ],
        [
          -0.9892780524370263,
          -0.14576524020730552,
          0.009023841405450699
        ]
      ],
      "t": [
        1.723883922516371,
        -0.247970648881869,
        4.596000298051864
      ]
    },
    {
      "id": 42,
      "image": "dataset2/42.jpeg",
      "position": [
        4.561561593948652,
        0.4618042878939961,
        -1.7705216959761287
      ],
      "R": [
        [
          0.23639051902736902,
          0.30541306336046686,
          0.9224111790534341
        ],
        [
          -0.2026732777037707,
          0.943934066240913,
          -0.26059934975879306
        ],
        [
          -0.9502857807095616,
          -0.1253448815016832,
          0.2850361304511196
        ]
      ],
      "t": [
        0.41379803011748745,
        0.027197037708726425,
        4.897334577404081
      ]
    },
    {
      "id": 43,
      "image": "dataset2/43.jpeg",
      "position": [
        4.561460177191876,
        0.4618452042840936,
        -1.7705524341396157
      ],
      "R": [
        [
          0.4169961154215632,
          0.3109295035879949,
          0.8540708890495271
        ],
        [
          -0.20525507875779964,
          0.9476072036476755,
          -0.24476711429267284
        ],
        [
          -0.8854290442307932,
          -0.07323545175361429,
          0.4589683826136482
        ]
      ],
      "t": [
        -0.5335351831072908,
        0.06524201536212447,
        4.8853003541935305
      ]
    },
    {
      "id": 44,
      "image": "dataset2/44.jpeg",
      "position": [
        4.561256873202047,
        0.46190554877447754,
        -1.7704633747120062
      ],
      "R": [
        [
          0.5399115080019277,
          0.31183244761876455,
          0.7818286820903766
        ],
        [
          -0.20706259381200515,
          0.9495061611793403,
          -0.23571833218126564
        ],
        [
          -0.8158557751042332,
          -0.03462043463856855,
          0.5772181387781465
        ]
      ],
      "t": [
        -1.2225131676973395,
        0.08855284088863234,
        4.7592627065224455
      ]
    },
    {
      "id": 45,
      "image": "dataset2/45.jpeg",
      "position": [
        4.561146574542473,
        0.461927005601256,
        -1.770413098322207
      ],
      "R": [
        [
          0.6098256721979997,
          0.3059211119023807,
          0.7311121137149
        ],
        [
          -0.22532062325910363,
          0.9513535411116869,
          -0.21013580501281248
        ],
        [
          -0.7598310774523419,
          -0.03658842858971573,
          0.6490901483083442
        ]
      ],
      "t": [
        -1.6284470365223471,
        0.21623731481699815,
        4.631759799967766
      ]
    },
    {
      "id": 46,
      "image": "dataset2/46.jpeg",
      "position": [
        4.561104765902371,
        0.46196527625534434,
        -1.7703681194583167
      ],
      "R": [
        [
          0.7029340350188501,
          0.29471429898114254,
          0.6473231220867767
        ],
        [
          -0.21791786833848212,
          0.9555840962450228,
          -0.19842085994772568
        ],
        [
          -0.6770491452405284,
          -0.0015864991763964303,
          0.7359360963761957
        ]
      ],
      "t": [
        -2.1963033314540317,
        0.20122159215993346,
        4.3917027936200235
      ]
    },
    {
      "id": 47,
      "image": "dataset2/47.jpeg",
      "position": [
        4.561048370042862,
        0.46197832558605967,
        -1.7703026652730678
      ],
      "R": [
        [
          0.767303862223986,
          0.30222866382752916,
          0.5655993438620492
        ],
        [
          -0.22702259480538084,
          0.95288162930593,
          -0.20118981579371273
        ],
        [
          -0.5997545535166751,
          0.025969892034864883,
          0.7997624898954135
        ]
      ],
      "t": [
        -2.638051096267774,
        0.2390835092861058,
        4.139333668952372
      ]
    },
    {
      "id": 48,
      "image": "dataset2/48.jpeg",
      "position": [
        4.560994739206166,
        0.4620027580760885,
        -1.7702355108153154
      ],
      "R": [
        [
          0.8336296630629846,
          0.2857920581477728,
          0.4726356782566832
        ],
        [
          -0.21778839739919406,
          0.9564750408307028,
          -0.19422592573134004
        ],
        [
          -0.5075724567190241,
          0.05897792610430916,
          0.8595881603492739
        ]
      ],
      "t": [
        -3.097540765448731,
        0.20761199705254543,
        3.8094608264623138
      ]
    },
    {
      "id": 49,
      "image": "dataset2/49.jpeg",
      "position": [
        4.560982296346073,
        0.46201438659466315,
        -1.7701702400924557
      ],
      "R": [
        [
          0.873802492183075,
          0.28694090121506655,
          0.3925991898419209
        ],
        [
          -0.22677899900181922,
          0.9546359311996342,
          -0.1929806323814392
        ],
        [
          -0.4301633297555477,
          0.07959370623669143,
          0.8992354261599836
        ]
      ],
      "t": [
        -3.423001119671305,
        0.251670893100111,
        3.51699368441385
      ]
    },
    {
      "id": 50,
      "image": "dataset2/50.jpeg",
      "position": [
        4.560950892641296,
        0.46203626932099806,
        -1.7701001423188192
      ],
      "R": [
        [
          0.9137072081569969,
          0.270064731441896,
          0.30365140966766935
        ],
        [
          -0.21905628334894003,
          0.9566915309408011,
          -0.19171765529417226
        ],
        [
          -0.3422769090769856,
          0.10865705433777753,
          0.933295324136654
        ]
      ],
      "t": [
        -3.754660004178982,
        0.21771931631090657,
        3.1629308600433257
      ]
    },
    {
      "id": 51,
      "image": "dataset2/51.jpeg",
      "position": [
        4.560962760659338,
        0.46204474061161294,
        -1.7700363483111687
      ],
      "R": [
        [
          0.9279435784211287,
          0.25958134151591883,
          0.26746633882376
        ],
        [
          -0.21990022443227653,
          0.9606923458485409,
          -0.16945237656244883
        ],
        [
          -0.3009395397112597,
          0.09842633674389928,
          0.9485502884262657
        ]
      ],
      "t": [
        -3.8788291571123086,
        0.25913702312784703,
        3.0060651513183645
      ]
    },
    {
      "id": 52,
      "image": "dataset2/52.jpeg",
      "position": [
        4.560968179411239,
        0.4620729364979381,
        -1.7699387240980426
      ],
      "R": [
        [
          0.9571558135163223,
          0.25018653988133366,
          0.14580618613115487
        ],
        [
          -0.22493496008057498,
          0.9594743987517327,
          -0.1697443426849663
        ],
        [
          -0.18236505253325613,
          0.12967487575551012,
          0.9746421980462039
        ]
      ],
      "t": [
        -4.223093622295073,
        0.28213695712414294,
        2.496898919472496
      ]
    },
    {
      "id": 53,
      "image": "dataset2/53.jpeg",
      "position": [
        4.560973602824446,
        0.4620821716155626,
        -1.7698788050702465
      ],
      "R": [
        [
          0.9673404693807902,
          0.24583728827087684,
          0.06177737444869505
        ],
        [
          -0.2334241741163424,
          0.9589540614383816,
          -0.16099771112949435
        ],
        [
          -0.09882090485446868,
          0.14131926884347523,
          0.9850194378880498
        ]
      ],
      "t": [
        -4.4162729081482475,
        0.33657948462380993,
        2.1287834495104088
      ]
    },
    {
      "id": 54,
      "image": "dataset2/54.jpeg",
      "position": [
        4.560967981945473,
        0.46209358079619384,
        -1.7698227320457336
      ],
      "R": [
        [
          0.9693241171555693,
          0.2355745931841751,
          -0.07010967798162085
        ],
        [
          -0.24434138075096393,
          0.9544733357966023,
          -0.17110798025229232
        ],
        [
          0.026609125376243617,
          0.18298978741836056,
          0.9827546449380408
        ]
      ],
      "t": [
        -4.653995471611475,
        0.37054641967181484,
        1.5333797356489736
      ]
    },
    {
      "id": 55,
      "image": "dataset2/55.jpeg",
      "position": [
        4.560961108781271,
        0.4621011437749614,
        -1.769790436185182
      ],
      "R": [
        [
          0.9659403157861487,
          0.21855889099814133,
          -0.13853273080618148
        ],
        [
          -0.24088068080390465,
          0.9550412667627989,
          -0.1728371383573446
        ],
        [
          0.09452938143457182,
          0.20032021851468473,
          0.97515947726504
        ]
      ],
      "t": [
        -4.751786429296349,
        0.3514362407975434,
        1.2021148821618908
      ]
    },
    {
      "id": 56,
      "image": "dataset2/56.jpeg",
      "position": [
        4.56097326726279,
        0.4621099701918807,
        -1.769762635508933
      ],
      "R": [
        [
          0.9521439675717449,
          0.21773446513605757,
          -0.2145077334471905
        ],
        [
          -0.25456923825570155,
          0.953340393370445,
          -0.16228554249284538
        ],
        [
          0.16916373119155256,
          0.20912627061227912,
          0.9631458015218423
        ]
      ],
      "t": [
        -4.822948221556574,
        0.4333285002014401,
        0.8363488616465802
      ]
    },
    {
      "id": 57,
      "image": "dataset2/57.jpeg",
      "position": [
        4.560983638756636,
        0.4621256033328824,
        -1.7697282006595794
      ],
      "R": [
        [
          0.9333349406948339,
          0.1993373914202278,
          -0.29858079787546576
        ],
        [
          -0.2491501381464231,
          0.9584458107335423,
          -0.1389454445058963
        ],
        [
          0.25847649243168935,
          0.20407408524626958,
          0.9442159025303001
        ]
      ],
      "t": [
        -4.877451164441559,
        0.4475516836374143,
        0.39779059746593176
      ]
    },
    {
      "id": 58,
      "image": "dataset2/58.jpeg",
      "position": [
        4.5609950952533636,
        0.4621399772475655,
        -1.769692292647921
      ],
      "R": [
        [
          0.9006034493967556,
          0.1801313049129361,
          -0.3955580108214577
        ],
        [
          -0.24596247549932732,
          0.9615546274659371,
          -0.12212763424010831
        ],
        [
          0.35835162561499345,
          0.20728099620854223,
          0.9102849559505451
        ]
      ],
      "t": [
        -4.890909755666778,
        0.4613324776753641,
        -0.11930857101869079
      ]
    },
    {
      "id": 59,
      "image": "dataset2/59.jpeg",
      "position": [
        4.5610124283682065,
        0.46214044878579463,
        -1.7696619231985915
      ],
      "R": [
        [
          0.8689904806295767,
          0.1733552803202811,
          -0.46346897561784445
        ],
        [
          -0.24486366184952577,
          0.9645584502881691,
          -0.09832997042268779
        ],
        [
          0.4299968972920833,
          0.19893451878133747,
          0.8806405200514108
        ]
      ],
      "t": [
        -4.863774268066518,
        0.49705392528885756,
        -0.49472088413676496
      ]
    },
    {
      "id": 60,
      "image": "dataset2/60.jpeg",
      "position": [
        4.561030025736587,
        0.46216010719822964,
        -1.7696455546092174
      ],
      "R": [
        [
          0.8278378525590798,
          0.1561980021091611,
          -0.5387825851004074
        ],
        [
          -0.24540233389912783,
          0.9645119556185442,
          -0.09743911938103975
        ],
        [
          0.5044424490338143,
          0.21288229519149318,
          0.8367908603747831
        ]
      ],
      "t": [
        -4.801435993985978,
        0.5010957600394231,
        -0.9183396344657733
      ]
    },
    {
      "id": 61,
      "image": "dataset2/61.jpeg",
      "position": [
        4.561042612160132,
        0.4621690519210304,
        -1.769659625611621
      ],
      "R": [
        [
          0.763182293058351,
          0.14639995008427795,
          -0.6293805225596978
        ],
        [
          -0.2486365471954544,
          0.965539266262378,
          -0.07690118792470967
        ],
        [
          0.5964332778785235,
          0.21517662494060513,
          0.773282849362541
        ]
      ],
      "t": [
        -4.662357785537199,
        0.5517105919858901,
        -1.4513581347638553
      ]
    },
    {
      "id": 62,
      "image": "dataset2/62.jpeg",
      "position": [
        4.561069217548509,
        0.4621869271669012,
        -1.769630844881549
      ],
      "R": [
        [
          0.72297952323074,
          0.1355748046049539,
          -0.6774364039121166
        ],
        [
          -0.26522913952936833,
          0.959885387489341,
          -0.09095903709334467
        ],
        [
          0.6379295513875829,
          0.24543739576675383,
          0.729935868570432
        ]
      ],
      "t": [
        -4.5590329064757595,
        0.6051180685670638,
        -1.7313617677520754
      ]
    },
    {
      "id": 63,
      "image": "dataset2/63.jpeg",
      "position": [
        4.561084848569399,
        0.4621871677928537,
        -1.769625042102283
      ],
      "R": [
        [
          0.688253325082326,
